service_id,date,exception_type
202898,20250401,2
202898,20260101,2
202898,20250216,2
202898,20250311,2
202898,20250501,2
202898,20250624,2
202898,20250706,2
202898,20250815,2
202898,20251101,2
202898,20251102,2
202898,20251224,2
202898,20251225,2
202898,20251226,2
195136,20250401,2
195136,20260101,2
195136,20250216,2
195136,20250311,2
195136,20250501,2
195136,20250624,2
195136,20250706,2
195136,20250815,2
195136,20251101,2
195136,20251102,2
195136,20251224,2
195136,20251225,2
195136,20251226,2
192103,20250401,1
192103,20260101,1
192103,20250216,1
192103,20250311,1
192103,20250501,1
192103,20250624,1
192103,20250706,1
192103,20250815,1
192103,20251101,1
192103,20251102,1
192103,20251224,1
192103,20251225,1
192103,20251226,1
195265,20250401,2
195265,20260101,2
195265,20250216,2
195265,20250311,2
195265,20250501,2
195265,20250624,2
195265,20250706,2
195265,20250815,2
195265,20251101,2
195265,20251102,2
195265,20251224,2
195265,20251225,2
195265,20251226,2
173162,20250401,1
173162,20260101,1
173162,20250216,1
173162,20250311,1
173162,20250501,1
173162,20250624,1
173162,20250706,1
173162,20250815,1
173162,20251101,1
173162,20251102,1
173162,20251224,1
173162,20251225,1
173162,20251226,1
195267,20250401,2
195267,20260101,2
195267,20250216,2
195267,20250311,2
195267,20250501,2
195267,20250624,2
195267,20250706,2
195267,20250815,2
195267,20251101,2
195267,20251102,2
195267,20251224,2
195267,20251225,2
195267,20251226,2
172691,20250401,1
172691,20260101,1
172691,20250216,1
172691,20250311,1
172691,20250501,1
172691,20250624,1
172691,20250706,1
172691,20250815,1
172691,20251101,1
172691,20251102,1
172691,20251224,1
172691,20251225,1
172691,20251226,1
198437,20250401,2
198437,20260101,2
198437,20250216,2
198437,20250311,2
198437,20250501,2
198437,20250624,2
198437,20250706,2
198437,20250815,2
198437,20251101,2
198437,20251102,2
198437,20251224,2
198437,20251225,2
198437,20251226,2
201275,20250401,2
201275,20260101,2
201275,20250216,2
201275,20250311,2
201275,20250501,2
201275,20250624,2
201275,20250706,2
201275,20250815,2
201275,20251101,2
201275,20251102,2
201275,20251224,2
201275,20251225,2
201275,20251226,2
196136,20250401,1
196136,20260101,1
196136,20250216,1
196136,20250311,1
196136,20250501,1
196136,20250624,1
196136,20250706,1
196136,20250815,1
196136,20251101,1
196136,20251102,1
196136,20251224,1
196136,20251225,1
196136,20251226,1
195269,20250401,2
195269,20260101,2
195269,20250216,2
195269,20250311,2
195269,20250501,2
195269,20250624,2
195269,20250706,2
195269,20250815,2
195269,20251101,2
195269,20251102,2
195269,20251224,2
195269,20251225,2
195269,20251226,2
197925,20250401,2
197925,20260101,2
197925,20250216,2
197925,20250311,2
197925,20250501,2
197925,20250624,2
197925,20250706,2
197925,20250815,2
197925,20251101,2
197925,20251102,2
197925,20251224,2
197925,20251225,2
197925,20251226,2
199172,20250401,2
199172,20260101,2
199172,20250216,2
199172,20250311,2
199172,20250501,2
199172,20250624,2
199172,20250706,2
199172,20250815,2
199172,20251101,2
199172,20251102,2
199172,20251224,2
199172,20251225,2
199172,20251226,2
199171,20250401,2
199171,20260101,2
199171,20250216,2
199171,20250311,2
199171,20250501,2
199171,20250624,2
199171,20250706,2
199171,20250815,2
199171,20251101,2
199171,20251102,2
199171,20251224,2
199171,20251225,2
199171,20251226,2
174884,20250401,1
174884,20260101,1
174884,20250216,1
174884,20250311,1
174884,20250501,1
174884,20250624,1
174884,20250706,1
174884,20250815,1
174884,20251101,1
174884,20251102,1
174884,20251224,1
174884,20251225,1
174884,20251226,1
201800,20250401,2
201800,20260101,2
201800,20250216,2
201800,20250311,2
201800,20250501,2
201800,20250624,2
201800,20250706,2
201800,20250815,2
201800,20251101,2
201800,20251102,2
201800,20251224,2
201800,20251225,2
201800,20251226,2
201801,20250401,2
201801,20260101,2
201801,20250216,2
201801,20250311,2
201801,20250501,2
201801,20250624,2
201801,20250706,2
201801,20250815,2
201801,20251101,2
201801,20251102,2
201801,20251224,2
201801,20251225,2
201801,20251226,2
201802,20250401,1
201802,20260101,1
201802,20250216,1
201802,20250311,1
201802,20250501,1
201802,20250624,1
201802,20250706,1
201802,20250815,1
201802,20251101,1
201802,20251102,1
201802,20251224,1
201802,20251225,1
201802,20251226,1
199033,20250401,2
199033,20260101,2
199033,20250216,2
199033,20250311,2
199033,20250501,2
199033,20250624,2
199033,20250706,2
199033,20250815,2
199033,20251101,2
199033,20251102,2
199033,20251224,2
199033,20251225,2
199033,20251226,2
199035,20250401,1
199035,20260101,1
199035,20250216,1
199035,20250311,1
199035,20250501,1
199035,20250624,1
199035,20250706,1
199035,20250815,1
199035,20251101,1
199035,20251102,1
199035,20251224,1
199035,20251225,1
199035,20251226,1
195571,20250401,2
195571,20260101,2
195571,20250216,2
195571,20250311,2
195571,20250501,2
195571,20250624,2
195571,20250706,2
195571,20250815,2
195571,20251101,2
195571,20251102,2
195571,20251224,2
195571,20251225,2
195571,20251226,2
147920,20250401,1
147920,20260101,1
147920,20250216,1
147920,20250311,1
147920,20250501,1
147920,20250624,1
147920,20250706,1
147920,20250815,1
147920,20251101,1
147920,20251102,1
147920,20251224,1
147920,20251225,1
147920,20251226,1
195572,20250401,2
195572,20260101,2
195572,20250216,2
195572,20250311,2
195572,20250501,2
195572,20250624,2
195572,20250706,2
195572,20250815,2
195572,20251101,2
195572,20251102,2
195572,20251224,2
195572,20251225,2
195572,20251226,2
200500,20250401,1
200500,20260101,1
200500,20250216,1
200500,20250311,1
200500,20250501,1
200500,20250624,1
200500,20250706,1
200500,20250815,1
200500,20251101,1
200500,20251102,1
200500,20251224,1
200500,20251225,1
200500,20251226,1
201342,20250401,2
201342,20260101,2
201342,20250216,2
201342,20250311,2
201342,20250501,2
201342,20250624,2
201342,20250706,2
201342,20250815,2
201342,20251101,2
201342,20251102,2
201342,20251224,2
201342,20251225,2
201342,20251226,2
201414,20250401,2
201414,20260101,2
201414,20250216,2
201414,20250311,2
201414,20250501,2
201414,20250624,2
201414,20250706,2
201414,20250815,2
201414,20251101,2
201414,20251102,2
201414,20251224,2
201414,20251225,2
201414,20251226,2
200567,20250401,2
200567,20260101,2
200567,20250216,2
200567,20250311,2
200567,20250501,2
200567,20250624,2
200567,20250706,2
200567,20250815,2
200567,20251101,2
200567,20251102,2
200567,20251224,2
200567,20251225,2
200567,20251226,2
197926,20250401,2
197926,20260101,2
197926,20250216,2
197926,20250311,2
197926,20250501,2
197926,20250624,2
197926,20250706,2
197926,20250815,2
197926,20251101,2
197926,20251102,2
197926,20251224,2
197926,20251225,2
197926,20251226,2
203352,20250401,2
203352,20260101,2
203352,20250216,2
203352,20250311,2
203352,20250501,2
203352,20250624,2
203352,20250706,2
203352,20250815,2
203352,20251101,2
203352,20251102,2
203352,20251224,2
203352,20251225,2
203352,20251226,2
198158,20250401,2
198158,20260101,2
198158,20250216,2
198158,20250311,2
198158,20250501,2
198158,20250624,2
198158,20250706,2
198158,20250815,2
198158,20251101,2
198158,20251102,2
198158,20251224,2
198158,20251225,2
198158,20251226,2
186297,20250401,1
186297,20260101,1
186297,20250216,1
186297,20250311,1
186297,20250501,1
186297,20250624,1
186297,20250706,1
186297,20250815,1
186297,20251101,1
186297,20251102,1
186297,20251224,1
186297,20251225,1
186297,20251226,1
195984,20250401,2
195984,20260101,2
195984,20250216,2
195984,20250311,2
195984,20250501,2
195984,20250624,2
195984,20250706,2
195984,20250815,2
195984,20251101,2
195984,20251102,2
195984,20251224,2
195984,20251225,2
195984,20251226,2
192379,20250401,1
192379,20260101,1
192379,20250216,1
192379,20250311,1
192379,20250501,1
192379,20250624,1
192379,20250706,1
192379,20250815,1
192379,20251101,1
192379,20251102,1
192379,20251224,1
192379,20251225,1
192379,20251226,1
195576,20250401,2
195576,20260101,2
195576,20250216,2
195576,20250311,2
195576,20250501,2
195576,20250624,2
195576,20250706,2
195576,20250815,2
195576,20251101,2
195576,20251102,2
195576,20251224,2
195576,20251225,2
195576,20251226,2
172700,20250401,1
172700,20260101,1
172700,20250216,1
172700,20250311,1
172700,20250501,1
172700,20250624,1
172700,20250706,1
172700,20250815,1
172700,20251101,1
172700,20251102,1
172700,20251224,1
172700,20251225,1
172700,20251226,1
195596,20250401,2
195596,20260101,2
195596,20250216,2
195596,20250311,2
195596,20250501,2
195596,20250624,2
195596,20250706,2
195596,20250815,2
195596,20251101,2
195596,20251102,2
195596,20251224,2
195596,20251225,2
195596,20251226,2
182602,20250401,1
182602,20260101,1
182602,20250216,1
182602,20250311,1
182602,20250501,1
182602,20250624,1
182602,20250706,1
182602,20250815,1
182602,20251101,1
182602,20251102,1
182602,20251224,1
182602,20251225,1
182602,20251226,1
195580,20250401,2
195580,20260101,2
195580,20250216,2
195580,20250311,2
195580,20250501,2
195580,20250624,2
195580,20250706,2
195580,20250815,2
195580,20251101,2
195580,20251102,2
195580,20251224,2
195580,20251225,2
195580,20251226,2
195581,20250401,2
195581,20260101,2
195581,20250216,2
195581,20250311,2
195581,20250501,2
195581,20250624,2
195581,20250706,2
195581,20250815,2
195581,20251101,2
195581,20251102,2
195581,20251224,2
195581,20251225,2
195581,20251226,2
159274,20250401,1
159274,20260101,1
159274,20250216,1
159274,20250311,1
159274,20250501,1
159274,20250624,1
159274,20250706,1
159274,20250815,1
159274,20251101,1
159274,20251102,1
159274,20251224,1
159274,20251225,1
159274,20251226,1
195582,20250401,2
195582,20260101,2
195582,20250216,2
195582,20250311,2
195582,20250501,2
195582,20250624,2
195582,20250706,2
195582,20250815,2
195582,20251101,2
195582,20251102,2
195582,20251224,2
195582,20251225,2
195582,20251226,2
158097,20250401,1
158097,20260101,1
158097,20250216,1
158097,20250311,1
158097,20250501,1
158097,20250624,1
158097,20250706,1
158097,20250815,1
158097,20251101,1
158097,20251102,1
158097,20251224,1
158097,20251225,1
158097,20251226,1
195583,20250401,2
195583,20260101,2
195583,20250216,2
195583,20250311,2
195583,20250501,2
195583,20250624,2
195583,20250706,2
195583,20250815,2
195583,20251101,2
195583,20251102,2
195583,20251224,2
195583,20251225,2
195583,20251226,2
191315,20250401,1
191315,20260101,1
191315,20250216,1
191315,20250311,1
191315,20250501,1
191315,20250624,1
191315,20250706,1
191315,20250815,1
191315,20251101,1
191315,20251102,1
191315,20251224,1
191315,20251225,1
191315,20251226,1
195584,20250401,2
195584,20260101,2
195584,20250216,2
195584,20250311,2
195584,20250501,2
195584,20250624,2
195584,20250706,2
195584,20250815,2
195584,20251101,2
195584,20251102,2
195584,20251224,2
195584,20251225,2
195584,20251226,2
161594,20250401,1
161594,20260101,1
161594,20250216,1
161594,20250311,1
161594,20250501,1
161594,20250624,1
161594,20250706,1
161594,20250815,1
161594,20251101,1
161594,20251102,1
161594,20251224,1
161594,20251225,1
161594,20251226,1
195585,20250401,2
195585,20260101,2
195585,20250216,2
195585,20250311,2
195585,20250501,2
195585,20250624,2
195585,20250706,2
195585,20250815,2
195585,20251101,2
195585,20251102,2
195585,20251224,2
195585,20251225,2
195585,20251226,2
195586,20250401,2
195586,20260101,2
195586,20250216,2
195586,20250311,2
195586,20250501,2
195586,20250624,2
195586,20250706,2
195586,20250815,2
195586,20251101,2
195586,20251102,2
195586,20251224,2
195586,20251225,2
195586,20251226,2
199166,20250401,2
199166,20260101,2
199166,20250216,2
199166,20250311,2
199166,20250501,2
199166,20250624,2
199166,20250706,2
199166,20250815,2
199166,20251101,2
199166,20251102,2
199166,20251224,2
199166,20251225,2
199166,20251226,2
192453,20250401,1
192453,20260101,1
192453,20250216,1
192453,20250311,1
192453,20250501,1
192453,20250624,1
192453,20250706,1
192453,20250815,1
192453,20251101,1
192453,20251102,1
192453,20251224,1
192453,20251225,1
192453,20251226,1
198607,20250401,2
198607,20260101,2
198607,20250216,2
198607,20250311,2
198607,20250501,2
198607,20250624,2
198607,20250706,2
198607,20250815,2
198607,20251101,2
198607,20251102,2
198607,20251224,2
198607,20251225,2
198607,20251226,2
184137,20250401,1
184137,20260101,1
184137,20250216,1
184137,20250311,1
184137,20250501,1
184137,20250624,1
184137,20250706,1
184137,20250815,1
184137,20251101,1
184137,20251102,1
184137,20251224,1
184137,20251225,1
184137,20251226,1
195589,20250401,2
195589,20260101,2
195589,20250216,2
195589,20250311,2
195589,20250501,2
195589,20250624,2
195589,20250706,2
195589,20250815,2
195589,20251101,2
195589,20251102,2
195589,20251224,2
195589,20251225,2
195589,20251226,2
184063,20250401,1
184063,20260101,1
184063,20250216,1
184063,20250311,1
184063,20250501,1
184063,20250624,1
184063,20250706,1
184063,20250815,1
184063,20251101,1
184063,20251102,1
184063,20251224,1
184063,20251225,1
184063,20251226,1
188759,20250401,2
188759,20260101,2
188759,20250216,2
188759,20250311,2
188759,20250501,2
188759,20250624,2
188759,20250706,2
188759,20250815,2
188759,20251101,2
188759,20251102,2
188759,20251224,2
188759,20251225,2
188759,20251226,2
174882,20250401,1
174882,20260101,1
174882,20250216,1
174882,20250311,1
174882,20250501,1
174882,20250624,1
174882,20250706,1
174882,20250815,1
174882,20251101,1
174882,20251102,1
174882,20251224,1
174882,20251225,1
174882,20251226,1
195590,20250401,2
195590,20260101,2
195590,20250216,2
195590,20250311,2
195590,20250501,2
195590,20250624,2
195590,20250706,2
195590,20250815,2
195590,20251101,2
195590,20251102,2
195590,20251224,2
195590,20251225,2
195590,20251226,2
182209,20250401,1
182209,20260101,1
182209,20250216,1
182209,20250311,1
182209,20250501,1
182209,20250624,1
182209,20250706,1
182209,20250815,1
182209,20251101,1
182209,20251102,1
182209,20251224,1
182209,20251225,1
182209,20251226,1
181917,20250401,2
181917,20260101,2
181917,20250216,2
181917,20250311,2
181917,20250501,2
181917,20250624,2
181917,20250706,2
181917,20250815,2
181917,20251101,2
181917,20251102,2
181917,20251224,2
181917,20251225,2
181917,20251226,2
181918,20250401,1
181918,20260101,1
181918,20250216,1
181918,20250311,1
181918,20250501,1
181918,20250624,1
181918,20250706,1
181918,20250815,1
181918,20251101,1
181918,20251102,1
181918,20251224,1
181918,20251225,1
181918,20251226,1
181916,20250401,1
181916,20260101,1
181916,20250216,1
181916,20250311,1
181916,20250501,1
181916,20250624,1
181916,20250706,1
181916,20250815,1
181916,20251101,1
181916,20251102,1
181916,20251224,1
181916,20251225,1
181916,20251226,1
181915,20250401,2
181915,20260101,2
181915,20250216,2
181915,20250311,2
181915,20250501,2
181915,20250624,2
181915,20250706,2
181915,20250815,2
181915,20251101,2
181915,20251102,2
181915,20251224,2
181915,20251225,2
181915,20251226,2
205501,20250401,1
205501,20260101,1
205501,20250216,1
205501,20250311,1
205501,20250501,1
205501,20250624,1
205501,20250706,1
205501,20250815,1
205501,20251101,1
205501,20251102,1
205501,20251224,1
205501,20251225,1
205501,20251226,1
205500,20250401,2
205500,20260101,2
205500,20250216,2
205500,20250311,2
205500,20250501,2
205500,20250624,2
205500,20250706,2
205500,20250815,2
205500,20251101,2
205500,20251102,2
205500,20251224,2
205500,20251225,2
205500,20251226,2
206683,20250401,1
206683,20260101,1
206683,20250216,1
206683,20250311,1
206683,20250501,1
206683,20250624,1
206683,20250706,1
206683,20250815,1
206683,20251101,1
206683,20251102,1
206683,20251224,1
206683,20251225,1
206683,20251226,1
202389,20250401,2
202389,20260101,2
202389,20250216,2
202389,20250311,2
202389,20250501,2
202389,20250624,2
202389,20250706,2
202389,20250815,2
202389,20251101,2
202389,20251102,2
202389,20251224,2
202389,20251225,2
202389,20251226,2
203279,20250401,2
203279,20260101,2
203279,20250216,2
203279,20250311,2
203279,20250501,2
203279,20250624,2
203279,20250706,2
203279,20250815,2
203279,20251101,2
203279,20251102,2
203279,20251224,2
203279,20251225,2
203279,20251226,2
198365,20250401,1
198365,20260101,1
198365,20250216,1
198365,20250311,1
198365,20250501,1
198365,20250624,1
198365,20250706,1
198365,20250815,1
198365,20251101,1
198365,20251102,1
198365,20251224,1
198365,20251225,1
198365,20251226,1
194178,20250401,1
194178,20260101,1
194178,20250216,1
194178,20250311,1
194178,20250501,1
194178,20250624,1
194178,20250706,1
194178,20250815,1
194178,20251101,1
194178,20251102,1
194178,20251224,1
194178,20251225,1
194178,20251226,1
203765,20250401,1
203765,20260101,1
203765,20250216,1
203765,20250311,1
203765,20250501,1
203765,20250624,1
203765,20250706,1
203765,20250815,1
203765,20251101,1
203765,20251102,1
203765,20251224,1
203765,20251225,1
203765,20251226,1
203764,20250401,2
203764,20260101,2
203764,20250216,2
203764,20250311,2
203764,20250501,2
203764,20250624,2
203764,20250706,2
203764,20250815,2
203764,20251101,2
203764,20251102,2
203764,20251224,2
203764,20251225,2
203764,20251226,2
202020,20250401,2
202020,20260101,2
202020,20250216,2
202020,20250311,2
202020,20250501,2
202020,20250624,2
202020,20250706,2
202020,20250815,2
202020,20251101,2
202020,20251102,2
202020,20251224,2
202020,20251225,2
202020,20251226,2
198363,20250401,1
198363,20260101,1
198363,20250216,1
198363,20250311,1
198363,20250501,1
198363,20250624,1
198363,20250706,1
198363,20250815,1
198363,20251101,1
198363,20251102,1
198363,20251224,1
198363,20251225,1
198363,20251226,1
195594,20250401,2
195594,20260101,2
195594,20250216,2
195594,20250311,2
195594,20250501,2
195594,20250624,2
195594,20250706,2
195594,20250815,2
195594,20251101,2
195594,20251102,2
195594,20251224,2
195594,20251225,2
195594,20251226,2
192295,20250401,1
192295,20260101,1
192295,20250216,1
192295,20250311,1
192295,20250501,1
192295,20250624,1
192295,20250706,1
192295,20250815,1
192295,20251101,1
192295,20251102,1
192295,20251224,1
192295,20251225,1
192295,20251226,1
202257,20250401,2
202257,20260101,2
202257,20250216,2
202257,20250311,2
202257,20250501,2
202257,20250624,2
202257,20250706,2
202257,20250815,2
202257,20251101,2
202257,20251102,2
202257,20251224,2
202257,20251225,2
202257,20251226,2
165270,20250401,1
165270,20260101,1
165270,20250216,1
165270,20250311,1
165270,20250501,1
165270,20250624,1
165270,20250706,1
165270,20250815,1
165270,20251101,1
165270,20251102,1
165270,20251224,1
165270,20251225,1
165270,20251226,1
204595,20250401,1
204595,20260101,1
204595,20250216,1
204595,20250311,1
204595,20250501,1
204595,20250624,1
204595,20250706,1
204595,20250815,1
204595,20251101,1
204595,20251102,1
204595,20251224,1
204595,20251225,1
204595,20251226,1
204594,20250401,2
204594,20260101,2
204594,20250216,2
204594,20250311,2
204594,20250501,2
204594,20250624,2
204594,20250706,2
204594,20250815,2
204594,20251101,2
204594,20251102,2
204594,20251224,2
204594,20251225,2
204594,20251226,2
202021,20250401,2
202021,20260101,2
202021,20250216,2
202021,20250311,2
202021,20250501,2
202021,20250624,2
202021,20250706,2
202021,20250815,2
202021,20251101,2
202021,20251102,2
202021,20251224,2
202021,20251225,2
202021,20251226,2
185405,20250401,1
185405,20260101,1
185405,20250216,1
185405,20250311,1
185405,20250501,1
185405,20250624,1
185405,20250706,1
185405,20250815,1
185405,20251101,1
185405,20251102,1
185405,20251224,1
185405,20251225,1
185405,20251226,1
199673,20250401,2
199673,20260101,2
199673,20250216,2
199673,20250311,2
199673,20250501,2
199673,20250624,2
199673,20250706,2
199673,20250815,2
199673,20251101,2
199673,20251102,2
199673,20251224,2
199673,20251225,2
199673,20251226,2
194621,20250401,1
194621,20260101,1
194621,20250216,1
194621,20250311,1
194621,20250501,1
194621,20250624,1
194621,20250706,1
194621,20250815,1
194621,20251101,1
194621,20251102,1
194621,20251224,1
194621,20251225,1
194621,20251226,1
195974,20250401,2
195974,20260101,2
195974,20250216,2
195974,20250311,2
195974,20250501,2
195974,20250624,2
195974,20250706,2
195974,20250815,2
195974,20251101,2
195974,20251102,2
195974,20251224,2
195974,20251225,2
195974,20251226,2
194622,20250401,1
194622,20260101,1
194622,20250216,1
194622,20250311,1
194622,20250501,1
194622,20250624,1
194622,20250706,1
194622,20250815,1
194622,20251101,1
194622,20251102,1
194622,20251224,1
194622,20251225,1
194622,20251226,1
195973,20250401,2
195973,20260101,2
195973,20250216,2
195973,20250311,2
195973,20250501,2
195973,20250624,2
195973,20250706,2
195973,20250815,2
195973,20251101,2
195973,20251102,2
195973,20251224,2
195973,20251225,2
195973,20251226,2
194623,20250401,1
194623,20260101,1
194623,20250216,1
194623,20250311,1
194623,20250501,1
194623,20250624,1
194623,20250706,1
194623,20250815,1
194623,20251101,1
194623,20251102,1
194623,20251224,1
194623,20251225,1
194623,20251226,1
196391,20250401,2
196391,20260101,2
196391,20250216,2
196391,20250311,2
196391,20250501,2
196391,20250624,2
196391,20250706,2
196391,20250815,2
196391,20251101,2
196391,20251102,2
196391,20251224,2
196391,20251225,2
196391,20251226,2
194624,20250401,1
194624,20260101,1
194624,20250216,1
194624,20250311,1
194624,20250501,1
194624,20250624,1
194624,20250706,1
194624,20250815,1
194624,20251101,1
194624,20251102,1
194624,20251224,1
194624,20251225,1
194624,20251226,1
196520,20250401,2
196520,20260101,2
196520,20250216,2
196520,20250311,2
196520,20250501,2
196520,20250624,2
196520,20250706,2
196520,20250815,2
196520,20251101,2
196520,20251102,2
196520,20251224,2
196520,20251225,2
196520,20251226,2
194688,20250401,1
194688,20260101,1
194688,20250216,1
194688,20250311,1
194688,20250501,1
194688,20250624,1
194688,20250706,1
194688,20250815,1
194688,20251101,1
194688,20251102,1
194688,20251224,1
194688,20251225,1
194688,20251226,1
196390,20250401,2
196390,20260101,2
196390,20250216,2
196390,20250311,2
196390,20250501,2
196390,20250624,2
196390,20250706,2
196390,20250815,2
196390,20251101,2
196390,20251102,2
196390,20251224,2
196390,20251225,2
196390,20251226,2
194689,20250401,1
194689,20260101,1
194689,20250216,1
194689,20250311,1
194689,20250501,1
194689,20250624,1
194689,20250706,1
194689,20250815,1
194689,20251101,1
194689,20251102,1
194689,20251224,1
194689,20251225,1
194689,20251226,1
195980,20250401,2
195980,20260101,2
195980,20250216,2
195980,20250311,2
195980,20250501,2
195980,20250624,2
195980,20250706,2
195980,20250815,2
195980,20251101,2
195980,20251102,2
195980,20251224,2
195980,20251225,2
195980,20251226,2
203202,20250401,2
203202,20260101,2
203202,20250216,2
203202,20250311,2
203202,20250501,2
203202,20250624,2
203202,20250706,2
203202,20250815,2
203202,20251101,2
203202,20251102,2
203202,20251224,2
203202,20251225,2
203202,20251226,2
194690,20250401,1
194690,20260101,1
194690,20250216,1
194690,20250311,1
194690,20250501,1
194690,20250624,1
194690,20250706,1
194690,20250815,1
194690,20251101,1
194690,20251102,1
194690,20251224,1
194690,20251225,1
194690,20251226,1
194691,20250401,1
194691,20260101,1
194691,20250216,1
194691,20250311,1
194691,20250501,1
194691,20250624,1
194691,20250706,1
194691,20250815,1
194691,20251101,1
194691,20251102,1
194691,20251224,1
194691,20251225,1
194691,20251226,1
196389,20250401,2
196389,20260101,2
196389,20250216,2
196389,20250311,2
196389,20250501,2
196389,20250624,2
196389,20250706,2
196389,20250815,2
196389,20251101,2
196389,20251102,2
196389,20251224,2
196389,20251225,2
196389,20251226,2
194692,20250401,1
194692,20260101,1
194692,20250216,1
194692,20250311,1
194692,20250501,1
194692,20250624,1
194692,20250706,1
194692,20250815,1
194692,20251101,1
194692,20251102,1
194692,20251224,1
194692,20251225,1
194692,20251226,1
195981,20250401,2
195981,20260101,2
195981,20250216,2
195981,20250311,2
195981,20250501,2
195981,20250624,2
195981,20250706,2
195981,20250815,2
195981,20251101,2
195981,20251102,2
195981,20251224,2
195981,20251225,2
195981,20251226,2
194693,20250401,1
194693,20260101,1
194693,20250216,1
194693,20250311,1
194693,20250501,1
194693,20250624,1
194693,20250706,1
194693,20250815,1
194693,20251101,1
194693,20251102,1
194693,20251224,1
194693,20251225,1
194693,20251226,1
196383,20250401,2
196383,20260101,2
196383,20250216,2
196383,20250311,2
196383,20250501,2
196383,20250624,2
196383,20250706,2
196383,20250815,2
196383,20251101,2
196383,20251102,2
196383,20251224,2
196383,20251225,2
196383,20251226,2
194694,20250401,1
194694,20260101,1
194694,20250216,1
194694,20250311,1
194694,20250501,1
194694,20250624,1
194694,20250706,1
194694,20250815,1
194694,20251101,1
194694,20251102,1
194694,20251224,1
194694,20251225,1
194694,20251226,1
196384,20250401,2
196384,20260101,2
196384,20250216,2
196384,20250311,2
196384,20250501,2
196384,20250624,2
196384,20250706,2
196384,20250815,2
196384,20251101,2
196384,20251102,2
196384,20251224,2
196384,20251225,2
196384,20251226,2
194695,20250401,1
194695,20260101,1
194695,20250216,1
194695,20250311,1
194695,20250501,1
194695,20250624,1
194695,20250706,1
194695,20250815,1
194695,20251101,1
194695,20251102,1
194695,20251224,1
194695,20251225,1
194695,20251226,1
196208,20250401,2
196208,20260101,2
196208,20250216,2
196208,20250311,2
196208,20250501,2
196208,20250624,2
196208,20250706,2
196208,20250815,2
196208,20251101,2
196208,20251102,2
196208,20251224,2
196208,20251225,2
196208,20251226,2
194696,20250401,1
194696,20260101,1
194696,20250216,1
194696,20250311,1
194696,20250501,1
194696,20250624,1
194696,20250706,1
194696,20250815,1
194696,20251101,1
194696,20251102,1
194696,20251224,1
194696,20251225,1
194696,20251226,1
196209,20250401,2
196209,20260101,2
196209,20250216,2
196209,20250311,2
196209,20250501,2
196209,20250624,2
196209,20250706,2
196209,20250815,2
196209,20251101,2
196209,20251102,2
196209,20251224,2
196209,20251225,2
196209,20251226,2